lightgbm_mae: 0.016595192899316675
xgboost_mae: 0.01658950284830778
